Freq (Hz)	Coh_mic/source
5.0000000000000000	0.0033804905511003
6.0000000000000000	0.0305247554905253
7.0000000000000000	0.0111460251498124
8.0000000000000000	0.0023759668096590
9.0000000000000000	0.0132181183377439
10.0000000000000000	0.1017241708427745
11.0000000000000000	0.0465686058403207
12.0000000000000000	0.0115298067813455
13.0000000000000000	0.0749205018398487
14.0000000000000000	0.0464860285142014
15.0000000000000000	0.0208143881780315
16.0000000000000000	0.0060634080508672
17.0000000000000000	0.0671224379593603
18.0000000000000000	0.4914806628706292
19.0000000000000000	0.6606228868130805
20.0000000000000000	0.7669703011969833
21.0000000000000000	0.8610405765533768
22.0000000000000000	0.8775876555888944
23.0000000000000000	0.7846016095216243
24.0000000000000000	0.8736171567181770
25.0000000000000000	0.9094442440588463
26.0000000000000000	0.7804649294601490
27.0000000000000000	0.8473065113536443
28.0000000000000000	0.8408940777609636
29.0000000000000000	0.7274443481442848
30.0000000000000000	0.3807645725894152
31.0000000000000000	0.1231432075690428
32.0000000000000000	0.2793947531449641
33.0000000000000000	0.5327349425983783
34.0000000000000000	0.1770151083420225
35.0000000000000000	0.0572834991459322
36.0000000000000000	0.1129635627584703
37.0000000000000000	0.1750369567214236
38.0000000000000000	0.0932554718070495
39.0000000000000000	0.1678344778566385
40.0000000000000000	0.1479983476393049
41.0000000000000000	0.0429785145775337
42.0000000000000000	0.0138240312562490
43.0000000000000000	0.1122161111745458
44.0000000000000000	0.2855705279330606
45.0000000000000000	0.3354354662307311
46.0000000000000000	0.4733573580078818
47.0000000000000000	0.3573395471588144
48.0000000000000000	0.2525501504970315
49.0000000000000000	0.4631270560527605
50.0000000000000000	0.8708100584452277
51.0000000000000000	0.9218979761559580
52.0000000000000000	0.8460136514611111
53.0000000000000000	0.7125671031086130
54.0000000000000000	0.9377670239692437
55.0000000000000000	0.9451490538116128
56.0000000000000000	0.9583070947502016
57.0000000000000000	0.9775362463899776
58.0000000000000000	0.9798312439898480
59.0000000000000000	0.9641723002042318
60.0000000000000000	0.9775062383174314
61.0000000000000000	0.9779044296107388
62.0000000000000000	0.9872909048597417
63.0000000000000000	0.9870200897804299
64.0000000000000000	0.9827209632335903
65.0000000000000000	0.9697856980528462
66.0000000000000000	0.9724817307257220
67.0000000000000000	0.9779269363736590
68.0000000000000000	0.9866049725998143
69.0000000000000000	0.9759144342882737
70.0000000000000000	0.9908043664262622
71.0000000000000000	0.9704054755291547
72.0000000000000000	0.9752821170332918
73.0000000000000000	0.9827651441290780
74.0000000000000000	0.9890148776622710
75.0000000000000000	0.9721670103099481
76.0000000000000000	0.9811966626134396
77.0000000000000000	0.9931249538713911
77.9999999999999999	0.9964274640679259
78.9999999999999999	0.9935987619278455
79.9999999999999999	0.9931863822834373
80.9999999999999999	0.9904627519086490
81.9999999999999999	0.9885337566721023
82.9999999999999999	0.9864995632015250
83.9999999999999999	0.9830747416855532
84.9999999999999999	0.9823319459793792
85.9999999999999999	0.9921200304324322
86.9999999999999999	0.9930844436962825
87.9999999999999999	0.9939028232733688
88.9999999999999999	0.9951712697778989
89.9999999999999999	0.9961234896914294
90.9999999999999999	0.9924406445240326
91.9999999999999999	0.9898487889217120
92.9999999999999999	0.9920205921133809
93.9999999999999999	0.9908396628177815
94.9999999999999999	0.9917226524533204
95.9999999999999999	0.9916545592808181
96.9999999999999999	0.9950699704239491
97.9999999999999999	0.9952926353635131
98.9999999999999999	0.9873183499483835
100.0000000000000000	0.9808095240498170
101.0000000000000000	0.9798406257817067
102.0000000000000000	0.9784629762578300
103.0000000000000000	0.9716486837023608
104.0000000000000000	0.9759186448069365
105.0000000000000000	0.9762490078939975
106.0000000000000000	0.9768509532304345
107.0000000000000000	0.9566074469652951
108.0000000000000000	0.9677775397915260
109.0000000000000000	0.9338306064727665
110.0000000000000000	0.9477178460563785
111.0000000000000000	0.9679483835825164
112.0000000000000000	0.9665265032508527
113.0000000000000000	0.9581910937085756
114.0000000000000000	0.9748202731306478
115.0000000000000000	0.9850151724201495
116.0000000000000000	0.9881333890383287
117.0000000000000000	0.9802924402549975
118.0000000000000000	0.9817672459171689
119.0000000000000000	0.9840355560030138
120.0000000000000000	0.9857184158667162
121.0000000000000000	0.9918326865381056
122.0000000000000000	0.9856562012939677
123.0000000000000000	0.9907477535593591
124.0000000000000000	0.9911927701792926
125.0000000000000000	0.9871062001769970
126.0000000000000000	0.9819575459252601
127.0000000000000000	0.9813222775473316
128.0000000000000000	0.9797185655568241
129.0000000000000000	0.9802705061080839
130.0000000000000000	0.9786899537167557
131.0000000000000000	0.9875615579860769
132.0000000000000000	0.9911401064842564
133.0000000000000000	0.9886809106028415
134.0000000000000000	0.9816902200154025
135.0000000000000000	0.9929018525302838
136.0000000000000000	0.9862777362628490
137.0000000000000000	0.9884969978283489
138.0000000000000000	0.9842824946747207
139.0000000000000000	0.9919984043589327
140.0000000000000000	0.9894553295302499
141.0000000000000000	0.9870122669136229
142.0000000000000000	0.9875215781670673
143.0000000000000000	0.9892493826600519
144.0000000000000000	0.9928344828895387
145.0000000000000000	0.9925442428422681
146.0000000000000000	0.9950095990249077
147.0000000000000000	0.9946640534674005
148.0000000000000000	0.9941937323691514
149.0000000000000000	0.9938377519241326
150.0000000000000000	0.9942451506323774
151.0000000000000000	0.9903400641656985
152.0000000000000000	0.9951929438668367
153.0000000000000000	0.9951261852879771
154.0000000000000000	0.9937337076835830
155.0000000000000000	0.9944953722695629
156.0000000000000000	0.9946349918316878
157.0000000000000000	0.9928394750349537
158.0000000000000000	0.9871408726150003
159.0000000000000000	0.9882782394342342
160.0000000000000000	0.9890070306496435
161.0000000000000000	0.9907847301981465
162.0000000000000000	0.9947537994296136
163.0000000000000000	0.9950552821851111
164.0000000000000000	0.9928407048601799
165.0000000000000000	0.9932590124572523
166.0000000000000000	0.9935049235792539
167.0000000000000000	0.9940388051551490
168.0000000000000000	0.9936024716625544
169.0000000000000000	0.9933218519505964
170.0000000000000000	0.9948121173774003
171.0000000000000000	0.9970818193012269
172.0000000000000000	0.9950535510978086
173.0000000000000000	0.9884171712741598
174.0000000000000000	0.9888458775386555
175.0000000000000000	0.9943382928223791
176.0000000000000000	0.9957783970862428
177.0000000000000000	0.9953253286860213
178.0000000000000000	0.9927437608853779
179.0000000000000000	0.9883855766147892
180.0000000000000000	0.9893645309538632
181.0000000000000000	0.9893388301628482
182.0000000000000000	0.9904997048184998
183.0000000000000000	0.9917165174762715
184.0000000000000000	0.9900443568185032
185.0000000000000000	0.9836721571179737
186.0000000000000000	0.9818425486200784
187.0000000000000000	0.9791578427939333
188.0000000000000000	0.9860615306204006
189.0000000000000000	0.9920527469364144
190.0000000000000000	0.9807231204259880
191.0000000000000000	0.9712672969090248
192.0000000000000000	0.9615754836457443
193.0000000000000000	0.9764440522142324
194.0000000000000000	0.9853435281239462
195.0000000000000000	0.9820355789002014
196.0000000000000000	0.9734859673916323
197.0000000000000000	0.9703459225268208
198.0000000000000000	0.9752715885448237
199.0000000000000000	0.9778469389912458
200.0000000000000000	0.9860818055494333
201.0000000000000000	0.9808739971857791
202.0000000000000000	0.9761789534108692
203.0000000000000000	0.9682991673181276
204.0000000000000000	0.9724367476028030
205.0000000000000000	0.9558311556815134
206.0000000000000000	0.9664336756610922
207.0000000000000000	0.9715128633858419
208.0000000000000000	0.9766138719862246
209.0000000000000000	0.9779683775397522
210.0000000000000000	0.9851031877655569
211.0000000000000000	0.9728324711651454
212.0000000000000000	0.9735443298889876
213.0000000000000000	0.9726126909361347
214.0000000000000000	0.9531106668779054
215.0000000000000000	0.9771350993745344
216.0000000000000000	0.9804081345481822
217.0000000000000000	0.9701776702592121
218.0000000000000000	0.9811319253311960
219.0000000000000000	0.9776060460527293
220.0000000000000000	0.9761915439855183
221.0000000000000000	0.9792407963257836
222.0000000000000000	0.9746805738556263
223.0000000000000000	0.9677802739707616
224.0000000000000000	0.9732632577349735
225.0000000000000000	0.9545553915940537
226.0000000000000000	0.9528253982718220
227.0000000000000000	0.9457745781646302
228.0000000000000000	0.9444753262127636
229.0000000000000000	0.9821347755420939
230.0000000000000000	0.9780242780227660
231.0000000000000000	0.9830660921482935
232.0000000000000000	0.9820635633317764
233.0000000000000000	0.9722856393652086
234.0000000000000000	0.9877126209804865
235.0000000000000000	0.9730923946148093
236.0000000000000000	0.9737878440723766
237.0000000000000000	0.9875341781004683
238.0000000000000000	0.9722864697485157
239.0000000000000000	0.9674108846032912
240.0000000000000000	0.9723482475523809
241.0000000000000000	0.9717823186898500
242.0000000000000000	0.9434584981323100
243.0000000000000000	0.9164903296250283
244.0000000000000000	0.9470129611703469
245.0000000000000000	0.9724797055071746
246.0000000000000000	0.9732348207683061
247.0000000000000000	0.9686991636082508
248.0000000000000000	0.9579553432924823
249.0000000000000000	0.9511619399699156
250.0000000000000000	0.9507427990490541
251.0000000000000000	0.9488890526202017
252.0000000000000000	0.9719387436577871
253.0000000000000000	0.9761087696047644
254.0000000000000000	0.9823187777185648
255.0000000000000000	0.9882540615203983
256.0000000000000000	0.9878872946229663
257.0000000000000000	0.9920599506482334
258.0000000000000000	0.9873584506237409
259.0000000000000000	0.9840633856308914
260.0000000000000000	0.9894244869605104
261.0000000000000000	0.9911880813232059
262.0000000000000000	0.9883520973604005
263.0000000000000000	0.9915813541681221
264.0000000000000000	0.9925822210400742
265.0000000000000000	0.9930667687872614
266.0000000000000000	0.9933691537276510
267.0000000000000000	0.9923740051803877
268.0000000000000000	0.9932129482193713
269.0000000000000000	0.9926571566821479
270.0000000000000000	0.9952934401520416
271.0000000000000000	0.9944144358138994
272.0000000000000000	0.9925204754881484
273.0000000000000000	0.9913006906238552
274.0000000000000000	0.9924247589211420
275.0000000000000000	0.9963410493224546
276.0000000000000000	0.9953763902935349
277.0000000000000000	0.9888109235944172
278.0000000000000000	0.9898080723602143
279.0000000000000000	0.9963666778367628
280.0000000000000000	0.9961084956387470
281.0000000000000000	0.9949212552059978
282.0000000000000000	0.9968088090459847
283.0000000000000000	0.9958531106078476
284.0000000000000000	0.9929340877816859
285.0000000000000000	0.9919780594980393
286.0000000000000000	0.9968241856674962
287.0000000000000000	0.9975587711195785
288.0000000000000000	0.9954909396786838
289.0000000000000000	0.9943026766612287
290.0000000000000000	0.9972794483795554
291.0000000000000000	0.9976372653674886
292.0000000000000000	0.9978880951355776
293.0000000000000000	0.9955091520402918
294.0000000000000000	0.9942529936445743
295.0000000000000000	0.9965286213406165
296.0000000000000000	0.9974427131503937
297.0000000000000000	0.9977620475771500
298.0000000000000000	0.9974183146739610
299.0000000000000000	0.9941345622971235
300.0000000000000000	0.9952840303774066
